abundance	sealed	open	protected	nonprot	locked	infectious	inflock	infecad	infecjuv	recovad	recovjuv	susjuv	susad
0	0	0	0	0	0	0	0	0	1	0	0	380	619
1021	0	20	0	19	0	0	0	0	4	0	0	396	621
1027	0	20	0	19	0	0	0	0	6	0	0	392	629
1028	0	20	0	19	0	0	0	3	8	0	0	395	622
1025	0	20	0	18	0	0	0	11	14	0	0	382	618
1023	0	20	0	17	0	0	0	16	22	0	0	370	615
1013	0	20	0	16	0	0	0	26	22	0	0	365	600
1010	0	20	0	12	0	1	0	44	36	0	0	348	582
1001	0	20	0	10	0	0	0	77	56	0	0	325	543
986	0	20	0	5	0	0	0	120	96	0	0	286	484
957	0	20	0	1	0	0	0	192	146	0	0	234	385
915	0	20	0	1	0	1	0	278	197	0	1	169	270
858	0	20	0	0	0	2	0	340	237	0	2	110	169
793	0	19	0	0	0	3	0	381	272	3	1	63	73
739	0	19	0	0	0	5	0	396	282	6	3	33	19
683	0	17	0	0	0	5	0	373	262	10	7	24	7
614	0	17	0	0	0	7	0	329	250	12	10	12	1
571	0	15	0	0	0	6	0	293	227	18	18	14	1
527	1	13	0	0	0	4	4	255	198	30	24	20	0
498	1	6	0	0	0	2	7	208	187	52	38	13	0
475	4	3	0	0	0	0	16	159	150	92	60	14	0
457	5	1	2	0	0	0	22	107	124	130	82	14	0
447	6	0	2	0	0	0	35	69	99	162	103	14	0
437	10	0	2	0	0	0	65	31	72	203	116	15	0
438	15	0	4	0	0	0	99	7	55	229	127	20	0
432	18	0	6	0	0	0	136	2	44	234	128	24	0
433	20	0	6	0	0	0	173	0	37	240	130	26	0
439	20	0	7	0	0	0	205	0	32	242	132	33	0
437	20	0	8	0	0	0	229	0	24	244	135	34	0
439	20	0	10	0	0	0	248	0	19	244	139	37	0
448	20	0	10	0	0	0	267	0	19	246	138	45	0
450	20	0	10	0	0	0	286	0	19	252	133	46	0
454	20	0	11	0	0	0	302	0	16	255	132	51	0
459	20	0	12	0	0	0	318	0	16	258	130	55	0
467	20	0	13	0	0	0	330	0	12	260	128	67	0
470	20	0	14	0	0	0	341	0	11	259	130	70	0
476	20	0	15	0	0	0	349	0	8	261	126	81	0
483	20	0	15	0	0	0	359	0	10	262	126	85	0
492	20	0	15	0	0	0	368	0	9	266	123	94	0
497	20	0	15	0	0	0	376	0	8	265	124	100	0
503	20	0	16	0	0	0	383	0	7	270	120	106	0
507	20	0	17	0	0	0	390	0	7	271	119	110	0
513	20	0	16	0	0	0	401	0	11	272	118	112	0
523	20	0	16	0	0	0	412	0	11	273	116	123	0
536	20	0	16	0	0	0	423	0	11	279	110	136	0
541	20	0	15	0	0	0	435	0	12	285	103	141	0
550	20	0	15	0	0	0	448	0	13	288	98	151	0
557	20	0	14	0	0	0	464	0	16	290	96	155	0
563	20	0	14	0	0	0	484	0	20	290	96	157	0
567	20	0	15	0	0	0	504	0	20	291	96	160	0
574	20	0	15	0	0	0	529	0	25	293	95	161	0
573	20	0	14	0	0	0	553	0	24	296	92	161	0
574	20	0	14	0	0	0	573	0	20	309	82	163	0
585	20	0	14	0	0	0	594	0	21	309	80	175	0
593	20	0	12	0	0	0	622	0	28	313	77	175	0
603	20	0	11	0	0	0	656	0	34	314	76	179	0
608	20	0	12	0	0	0	694	0	38	313	78	179	0
610	20	0	11	0	0	0	738	0	44	315	77	174	0
617	20	0	10	0	0	0	787	0	49	315	79	174	0
620	20	0	9	0	0	0	842	0	55	316	77	172	0
614	20	0	7	0	0	0	905	0	63	319	78	154	0
612	20	0	6	0	0	0	975	0	70	325	74	143	0
605	20	0	5	0	0	0	1052	0	77	333	65	130	0
609	20	0	4	0	0	0	1129	0	77	332	68	132	0
608	20	0	4	0	0	0	1206	0	77	338	63	130	0
605	20	0	4	0	0	0	1283	0	77	339	64	125	0
599	20	0	4	0	0	0	1362	0	79	343	63	114	0
607	20	0	4	0	0	0	1449	0	87	347	62	111	0
603	20	0	5	0	0	0	1541	0	92	350	60	101	0
598	20	0	3	0	0	0	1632	0	91	355	61	91	0
600	20	0	4	0	0	0	1714	0	82	356	67	95	0
598	20	0	3	0	0	0	1798	0	84	359	67	88	0
592	20	0	3	0	0	0	1872	0	74	360	74	84	0
588	20	0	3	0	0	0	1948	0	76	360	73	79	0
589	19	0	2	0	0	0	2011	1	76	360	75	77	0
581	19	0	4	0	0	0	2071	2	71	359	79	70	0
584	19	0	6	0	0	0	2130	1	67	362	83	71	0
583	19	0	5	0	0	0	2195	1	70	365	81	66	0
591	19	0	2	0	0	0	2260	2	66	368	86	69	0
591	18	0	2	0	0	0	2316	2	62	372	87	67	1
599	19	0	3	0	0	0	2370	2	58	374	89	76	0
602	17	0	3	0	0	0	2413	3	49	376	92	81	1
602	17	0	5	0	0	0	2457	3	49	376	92	81	1
603	17	0	5	0	0	0	2501	3	48	376	95	80	1
603	18	0	5	0	0	0	2542	2	44	378	97	81	1
610	18	0	6	0	0	0	2577	2	39	384	94	90	1
614	18	0	5	0	0	0	2614	2	39	385	95	92	1
621	18	0	4	0	0	0	2658	1	47	386	94	92	1
632	18	0	3	0	0	0	2708	1	51	388	94	97	1
634	18	0	4	0	0	0	2766	1	59	390	93	90	1
638	18	0	4	0	0	0	2829	1	63	391	95	87	1
645	19	0	6	0	0	0	2896	0	67	394	96	87	1
653	19	0	4	0	0	0	2971	0	75	394	98	85	1
666	19	0	4	0	0	0	3041	0	71	396	100	98	1
663	19	0	4	0	0	0	3107	0	67	398	101	96	1
666	19	0	6	0	0	0	3167	0	61	404	95	105	1
668	19	0	6	0	0	0	3229	0	63	406	95	103	1
672	19	0	5	0	0	0	3290	0	63	411	95	102	1
678	19	0	4	0	0	0	3348	0	60	417	95	105	1
681	19	0	4	0	0	0	3408	0	62	419	93	106	1
692	19	0	4	0	0	0	3470	0	65	418	95	113	1
692	19	0	4	0	0	0	3531	0	65	421	95	110	1
705	19	0	2	0	0	0	3596	0	69	421	99	115	1
701	19	0	3	0	0	0	3653	0	62	422	102	114	1
705	19	0	3	0	0	0	3711	1	64	425	98	117	0
705	19	0	2	0	0	0	3772	1	68	425	99	112	0
709	19	0	1	0	0	0	3834	1	71	428	99	110	0
711	19	0	1	0	0	0	3895	1	73	429	101	107	0
716	20	0	2	0	0	0	3972	0	77	432	102	105	0
720	20	0	2	0	0	0	4057	0	85	432	103	100	0
716	20	0	2	0	0	0	4140	0	83	435	102	96	0
719	20	0	0	0	0	0	4222	0	82	437	102	98	0
724	20	0	0	0	0	0	4305	0	83	439	103	99	0
720	20	0	1	0	0	0	4382	0	77	439	104	100	0
720	20	0	2	0	0	0	4469	0	87	442	103	88	0
718	20	0	2	0	0	0	4553	0	84	449	103	82	0
728	20	0	3	0	0	0	4637	0	84	448	108	88	0
727	20	0	3	0	0	0	4715	0	78	450	113	86	0
730	20	0	4	0	0	0	4793	0	78	451	112	89	0
734	20	0	5	0	0	0	4870	0	77	451	113	93	0
741	20	0	3	0	0	0	4940	0	70	452	117	102	0
750	20	0	3	0	0	0	5015	0	75	455	119	101	0
759	20	0	3	0	0	0	5096	0	81	456	120	102	0
762	20	0	2	0	0	0	5165	0	69	455	124	114	0
766	20	0	2	0	0	0	5229	0	64	457	132	113	0
774	20	0	1	0	0	0	5298	0	69	458	133	114	0
792	20	0	1	0	0	0	5370	0	72	459	135	126	0
806	20	0	2	0	0	0	5443	0	73	459	136	138	0
810	20	0	2	0	0	0	5527	0	84	461	138	127	0
812	20	0	1	0	0	0	5611	0	84	465	136	127	0
824	20	0	0	0	0	0	5704	0	93	466	136	129	0
820	20	0	2	0	0	0	5801	0	97	468	135	120	0
822	20	0	2	0	0	0	5901	0	100	473	133	116	0
822	20	0	2	0	0	0	6010	0	109	474	132	107	0
822	20	0	2	0	0	0	6117	0	107	475	136	104	0
826	20	0	2	0	0	0	6221	0	104	475	141	106	0
820	20	0	1	0	0	0	6322	0	101	481	137	101	0
821	20	0	1	0	0	0	6418	0	96	482	140	103	0
821	20	0	2	0	0	0	6510	0	92	483	143	103	0
822	20	0	2	0	0	0	6597	0	87	487	142	106	0
821	20	0	3	0	0	0	6678	0	81	490	143	107	0
820	20	0	4	0	0	0	6756	0	78	493	148	101	0
825	20	0	4	0	0	0	6830	0	74	494	153	104	0
829	20	0	4	0	0	0	6906	0	76	499	154	100	0
833	20	0	3	0	0	0	6979	0	73	505	150	105	0
837	19	0	3	0	0	0	7047	0	69	506	153	108	1
838	19	0	3	0	0	0	7116	0	70	512	149	106	1
846	19	0	2	0	0	0	7184	0	70	514	149	112	1
850	19	0	3	0	0	0	7250	0	69	513	154	113	1
852	19	0	3	0	0	0	7314	0	67	513	154	117	1
856	19	0	3	0	0	0	7373	0	62	518	153	122	1
870	18	0	3	0	0	0	7428	0	57	524	152	135	2
872	18	0	3	0	0	0	7485	0	58	525	152	135	2
876	18	0	3	0	0	0	7537	0	54	533	148	139	2
881	18	0	3	0	0	0	7589	0	55	532	150	142	2
883	18	0	3	0	0	0	7642	0	59	532	152	138	2
884	18	0	3	0	0	0	7693	0	58	537	151	136	2
888	18	0	3	0	0	0	7747	0	60	539	149	138	2
895	18	0	3	0	0	0	7803	0	62	542	148	141	2
900	18	0	3	0	0	0	7863	0	66	542	148	142	2
909	18	0	3	0	0	0	7936	1	80	549	142	136	1
918	18	0	3	0	0	0	8009	1	85	552	142	137	1
918	19	0	2	0	0	0	8087	0	90	556	142	129	1
918	19	0	2	0	0	0	8173	0	97	563	138	119	1
923	19	0	2	0	0	0	8259	1	96	569	134	123	0
925	19	0	1	0	0	0	8345	1	93	568	135	128	0
931	19	0	2	0	0	0	8432	1	93	571	136	130	0
934	19	0	2	0	0	0	8520	1	93	575	132	133	0
938	19	0	2	0	0	0	8608	1	92	581	130	134	0
932	20	0	2	0	0	0	8699	0	91	583	132	126	0
939	20	0	2	0	0	0	8784	0	85	585	140	129	0
946	20	0	2	0	0	0	8870	0	86	589	141	130	0
953	20	0	2	0	0	0	8957	0	87	593	143	130	0
972	20	0	3	0	0	0	9034	0	77	597	147	151	0
981	20	0	2	0	0	0	9110	0	76	601	147	157	0
981	20	0	2	0	0	0	9195	0	85	607	145	144	0
984	20	0	2	0	0	0	9280	0	85	610	145	144	0
979	20	0	1	0	0	0	9369	0	89	612	143	135	0
985	20	0	1	0	0	0	9458	0	89	615	143	138	0
983	20	0	1	0	0	0	9546	0	88	615	147	133	0
985	20	0	1	0	0	0	9637	0	91	614	149	131	0
982	20	0	1	0	0	0	9734	0	97	618	148	119	0
983	20	0	1	0	0	0	9836	0	102	623	150	108	0
980	20	0	2	0	0	0	9935	0	99	626	151	104	0
977	20	0	1	0	0	0	10038	0	103	629	151	94	0
982	20	0	2	0	0	0	10136	0	98	632	158	94	0
979	20	0	1	0	0	0	10227	0	91	637	156	95	0
977	20	0	1	0	0	0	10312	0	85	642	158	92	0
974	19	0	1	0	0	0	10387	0	76	647	157	93	1
976	19	0	0	0	0	0	10457	0	71	651	158	95	1
982	18	0	0	0	0	0	10523	1	71	654	156	99	1
993	18	0	1	0	0	0	10589	1	68	655	159	109	1
995	18	0	1	0	0	0	10654	1	67	655	164	107	1
991	19	0	2	0	0	0	10712	0	59	656	165	110	1
997	19	0	1	0	0	0	10769	0	57	659	169	111	1
998	19	0	1	0	0	0	10831	0	62	661	171	103	1
997	19	0	2	0	0	0	10893	0	62	666	165	103	1
1001	19	0	2	0	0	0	10941	0	48	670	166	116	1
1008	19	0	4	0	0	0	10987	0	46	678	160	123	1
1006	19	0	3	0	0	0	11033	0	46	681	156	122	1
1011	19	0	3	0	0	0	11076	0	43	686	150	131	1
1013	19	0	4	0	0	0	11117	0	41	691	145	135	1
1018	18	0	4	0	0	0	11156	1	42	692	145	137	1
1027	18	0	4	0	0	0	11201	1	47	695	141	142	1
1029	18	0	5	0	0	0	11247	1	49	701	135	142	1
1030	19	0	5	0	0	0	11297	0	50	705	134	140	1
1029	19	0	6	0	0	0	11343	0	46	708	135	139	1
1032	19	0	5	0	0	0	11392	0	49	708	135	139	1
1030	19	0	4	0	0	0	11447	0	55	716	130	128	1
1026	19	0	4	0	0	0	11501	0	54	720	132	119	1
1019	19	0	4	0	0	0	11556	0	55	724	126	113	1
1020	19	0	4	0	0	0	11610	0	54	729	121	115	1
1022	19	0	4	0	0	0	11662	0	52	735	118	116	1
1023	19	0	5	0	0	0	11708	0	46	735	121	120	1
1026	19	0	4	0	0	0	11755	0	47	737	122	119	1
1019	19	0	5	0	0	0	11799	0	45	739	120	114	1
1022	19	0	5	0	0	0	11845	0	47	742	117	115	1
1018	19	0	6	0	0	0	11886	0	42	747	113	115	1
1015	19	0	6	0	0	0	11922	0	37	749	111	117	1
1019	18	0	6	0	0	0	11952	1	32	757	107	121	1
1025	19	0	8	0	0	0	11977	0	26	761	107	130	1
1027	18	0	7	0	0	0	12002	0	26	765	104	130	2
1033	18	0	6	0	0	0	12033	0	32	766	102	131	2
1034	18	0	6	0	0	0	12065	0	33	768	99	132	2
1031	18	0	7	0	0	0	12094	0	30	777	93	129	2
1031	18	0	7	0	0	0	12123	0	30	783	88	128	2
1029	18	0	7	0	0	0	12145	0	22	785	89	131	2
1035	18	0	7	0	0	0	12172	0	27	786	88	132	2
1035	17	0	7	0	0	0	12203	0	31	788	88	124	4
1036	17	0	8	0	0	0	12234	0	31	792	83	125	5
1034	17	0	8	0	0	0	12266	0	32	796	80	121	5
1040	17	0	8	0	0	0	12302	0	36	797	77	125	5
1045	17	0	9	0	0	0	12337	0	35	796	81	128	5
1042	17	0	10	0	0	0	12373	0	36	794	82	125	5
1040	17	0	9	0	0	0	12414	0	42	797	77	119	5
1036	17	0	10	0	0	0	12452	0	40	800	74	117	5
1038	17	0	11	0	0	0	12485	0	36	807	68	122	5
1035	17	0	11	0	0	0	12511	0	28	807	67	128	5
1040	16	0	10	0	0	0	12535	1	28	807	65	134	5
1040	16	0	10	0	0	0	12557	1	27	806	68	129	9
1039	15	0	9	0	0	0	12579	2	28	809	66	125	9
1041	16	0	11	0	0	0	12600	2	25	811	64	131	8
1043	15	0	10	0	0	0	12618	2	22	814	63	133	9
1044	15	0	9	0	0	0	12638	2	26	815	62	130	9
1046	15	0	9	0	0	0	12656	2	25	817	60	133	9
1041	14	0	6	0	0	0	12676	3	27	816	58	127	10
1039	14	0	6	0	0	0	12700	2	29	816	56	126	10
1035	12	0	6	0	0	0	12717	3	32	815	53	121	11
1041	11	0	7	0	0	0	12734	5	32	818	51	124	11
1041	11	0	7	0	0	0	12749	6	31	821	50	123	10
1041	10	0	6	0	0	0	12765	8	34	822	49	118	10
1041	9	0	5	0	0	0	12781	9	33	822	48	120	9
1040	10	0	5	0	0	0	12806	8	35	824	47	115	11
1040	11	0	4	0	0	0	12827	7	32	826	48	115	12
1041	12	0	4	0	0	0	12850	6	33	833	41	114	14
1047	12	0	5	0	0	0	12873	6	35	832	44	115	15
1046	12	0	4	0	0	0	12897	6	40	829	45	111	15
1044	11	0	3	0	0	0	12913	5	37	830	47	110	15
1039	11	0	4	0	0	0	12928	6	36	827	50	105	15
1042	12	0	5	0	0	0	12944	5	30	826	52	114	15
1042	12	0	6	0	0	0	12959	3	31	824	52	117	15
1039	13	0	6	0	0	0	12976	1	28	827	50	117	16
1042	14	0	6	0	0	0	13001	0	28	826	52	120	16
1043	13	0	6	0	0	0	13027	0	30	827	50	119	17
1042	13	0	6	0	0	0	13047	0	25	827	52	121	17
1037	13	0	8	0	0	0	13062	1	21	829	51	119	16
1045	13	0	10	0	0	0	13079	1	24	828	53	123	16
1041	13	0	10	0	0	0	13096	2	25	827	52	119	16
1046	13	0	9	0	0	0	13112	2	27	827	51	123	16
1044	13	0	10	0	0	0	13126	1	24	825	54	120	20
1042	13	0	10	0	0	0	13140	2	25	829	49	118	19
1044	14	0	10	0	0	0	13157	3	23	832	46	118	22
1044	14	0	10	0	0	0	13173	4	25	831	46	115	23
1042	13	0	7	0	0	0	13189	4	24	831	46	114	23
1040	12	0	7	0	0	0	13204	4	24	831	45	111	25
1041	12	0	6	0	0	0	13219	4	23	832	45	112	25
1042	12	0	6	0	0	0	13231	5	20	830	48	115	24
1037	12	0	6	0	0	0	13245	5	22	828	48	112	22
1041	12	0	6	0	0	0	13256	5	18	828	48	117	25
1037	12	0	8	0	0	0	13264	5	16	825	50	114	27
1035	12	0	8	0	0	0	13271	3	15	826	48	114	29
1033	12	0	8	0	0	0	13280	3	14	826	46	115	29
1037	12	0	8	0	0	0	13291	2	15	826	47	116	31
1037	10	0	7	0	0	0	13301	2	14	830	44	114	33
1033	10	0	7	0	0	0	13309	2	13	827	44	114	33
1039	10	0	9	0	0	0	13313	1	10	827	44	123	34
1036	10	0	9	0	0	0	13318	0	9	827	45	119	36
1038	10	0	9	0	0	0	13323	0	11	828	44	116	39
1038	9	0	8	0	0	0	13329	1	13	829	42	114	39
1043	9	0	7	0	0	0	13337	2	16	832	40	115	38
1041	9	0	7	0	0	0	13348	3	16	831	40	114	37
1040	9	0	7	0	0	0	13358	5	16	831	39	113	36
1038	11	0	8	0	0	0	13369	3	17	832	36	112	38
1044	10	0	7	0	0	0	13378	3	17	833	35	117	39
1044	10	0	7	0	0	0	13386	3	16	831	36	119	39
1041	10	0	7	0	0	0	13395	3	19	832	34	114	39
1043	10	0	6	0	0	0	13403	5	18	833	34	116	37
1046	9	0	5	0	0	0	13409	3	16	837	31	121	38
1043	8	0	4	0	0	0	13415	3	16	835	31	118	40
1050	8	0	4	0	0	0	13421	3	16	835	30	125	41
1055	8	0	4	0	0	0	13428	2	18	835	29	129	42
1056	9	0	4	0	0	0	13444	1	20	836	30	127	42
1056	9	0	4	0	0	0	13459	1	19	836	32	126	42
1054	9	0	4	0	0	0	13474	2	20	837	30	124	41
1055	9	0	4	0	0	0	13492	1	22	839	27	124	42
1053	8	0	3	0	0	0	13510	1	21	841	26	119	45
1051	8	0	4	0	0	0	13527	2	22	842	28	110	47
1057	8	0	4	0	0	0	13542	2	22	839	28	118	48
1057	7	0	4	0	0	0	13552	1	26	837	29	116	48
1053	7	0	5	0	0	0	13558	2	27	832	30	115	47
1056	6	0	3	0	0	0	13566	5	27	833	29	115	47
1055	5	0	3	0	0	0	13571	6	33	837	27	107	45
1055	5	0	3	0	0	0	13574	9	35	836	29	104	42
1056	4	0	2	0	0	0	13577	11	34	835	31	103	42
1055	4	0	2	0	0	0	13580	11	34	833	31	104	42
1047	5	0	2	0	0	0	13592	8	32	831	31	101	44
1050	5	0	2	0	0	0	13602	4	30	834	32	106	44
1051	5	0	2	0	0	0	13612	5	29	834	31	108	44
1052	5	0	2	0	0	0	13622	5	33	832	30	108	44
1049	4	0	1	0	0	0	13633	4	34	832	31	101	47
1047	4	0	1	0	0	0	13644	6	35	834	29	98	45
1043	5	0	1	0	0	0	13663	6	32	834	33	96	42
1042	5	0	1	0	0	0	13674	6	26	835	37	96	42
1041	5	0	1	0	0	0	13683	8	19	833	40	97	44
1042	4	0	0	0	0	0	13694	8	21	833	40	96	44
1042	4	0	1	0	0	0	13704	9	19	830	40	98	46
1040	4	0	1	0	0	0	13715	10	22	831	38	94	45
1043	4	0	1	0	0	0	13726	9	22	830	39	95	48
1041	4	0	2	0	0	0	13735	8	22	829	41	95	46
1041	4	0	2	0	0	0	13745	4	25	829	40	94	49
1043	4	0	3	0	0	0	13753	3	22	829	43	96	50
1042	5	0	3	0	0	0	13764	1	19	828	45	98	51
1041	6	0	3	0	0	0	13777	0	18	825	45	100	53
1045	6	0	3	0	0	0	13790	0	20	822	45	101	57
1048	6	0	3	0	0	0	13805	0	23	821	47	100	57
1052	6	0	2	0	0	0	13822	0	27	820	48	100	57
1051	6	0	2	0	0	0	13841	1	28	822	47	96	57
1052	6	0	2	0	0	0	13857	1	24	817	49	104	57
1050	6	0	2	0	0	0	13873	1	25	817	48	102	57
1046	6	0	2	0	0	0	13890	3	26	815	49	96	57
1044	5	0	2	0	0	0	13905	3	28	814	47	95	57
1041	5	0	2	0	0	0	13918	4	27	812	47	94	57
1040	5	0	2	0	0	0	13931	6	29	813	45	93	54
1045	5	0	1	0	0	0	13944	8	31	812	45	94	55
1044	4	0	0	0	0	0	13956	8	27	815	43	96	55
1040	4	0	0	0	0	0	13969	5	28	814	45	95	53
1046	5	0	0	0	0	0	13987	6	28	813	47	101	51
1043	5	0	1	0	0	0	14007	8	34	812	45	91	53
1042	5	0	1	0	0	0	14027	8	39	814	42	87	52
1045	5	0	1	0	0	0	14045	9	37	816	42	90	51
1037	5	0	1	0	0	0	14068	6	44	816	41	79	51
1045	3	0	1	0	0	0	14083	6	45	818	42	82	52
1044	4	0	1	0	0	0	14099	7	38	820	43	87	49
1038	4	0	1	0	0	0	14112	7	35	819	45	84	48
1043	4	0	1	0	0	0	14125	8	32	816	48	92	47
1043	5	0	1	0	0	0	14139	9	29	819	46	95	45
1041	6	0	2	0	0	0	14152	8	23	820	47	100	43
1048	7	0	2	0	0	0	14164	8	18	821	49	111	41
1056	7	0	2	0	0	0	14177	8	20	827	43	114	44
1058	7	0	2	0	0	0	14191	8	20	828	42	115	45
1056	8	0	2	0	0	0	14208	7	22	825	45	110	47
1054	8	0	2	0	0	0	14224	6	22	825	45	109	47
1058	8	0	3	0	0	0	14241	5	23	824	46	114	46
1061	8	0	3	0	0	0	14260	6	25	825	46	114	45
1060	8	0	3	0	0	0	14280	7	27	825	46	107	48
1051	8	0	3	0	0	0	14303	7	29	823	47	101	44
1048	8	0	3	0	0	0	14322	9	28	822	47	100	42
1050	8	0	3	0	0	0	14341	7	29	822	46	104	42
1050	8	0	3	0	0	0	14358	8	28	822	47	103	42
1047	8	0	4	0	0	0	14373	7	25	824	48	100	43
1046	9	0	4	0	0	0	14387	7	24	825	49	100	41
1055	9	0	4	0	0	0	14400	6	23	823	49	114	40
1054	9	0	4	0	0	0	14411	6	22	822	51	113	40
1054	9	0	4	0	0	0	14423	5	24	821	53	109	42
1051	9	0	4	0	0	0	14438	5	26	821	53	104	42
1049	10	0	4	0	0	0	14453	5	24	823	54	102	41
1047	9	0	4	0	0	0	14468	4	21	824	53	104	41
1046	8	0	3	0	0	0	14482	4	20	823	53	105	41
1041	8	0	4	0	0	0	14492	5	22	824	50	100	40
1039	8	0	4	0	0	0	14503	7	24	826	49	95	38
1039	8	0	4	0	0	0	14511	5	18	823	49	103	41
1044	7	0	3	0	0	0	14517	4	16	826	47	110	41
1040	7	0	3	0	0	0	14523	3	17	824	48	107	41
1042	7	0	3	0	0	0	14530	5	18	827	46	107	39
1045	6	0	2	0	0	0	14535	4	17	828	47	110	39
1043	6	0	3	0	0	0	14539	6	17	829	46	107	38
1049	7	0	2	0	0	0	14547	3	18	832	44	113	39
1055	7	0	2	0	0	0	14555	4	16	833	44	121	37
1053	7	0	3	0	0	0	14564	6	12	833	44	121	37
1048	7	0	3	0	0	0	14573	6	12	832	45	117	36
1048	7	0	3	0	0	0	14581	7	11	831	44	120	35
1047	7	0	3	0	0	0	14592	6	15	834	42	116	34
1041	6	0	3	0	0	0	14603	5	18	831	43	110	34
1047	6	0	3	0	0	0	14611	5	16	829	43	120	34
1048	6	0	3	0	0	0	14617	4	17	828	41	124	34
1044	6	0	3	0	0	0	14623	3	20	825	41	121	34
1042	5	0	3	0	0	0	14628	5	21	824	41	117	34
1048	5	0	3	0	0	0	14632	8	14	825	40	127	34
1046	5	0	2	0	0	0	14637	6	16	824	40	126	34
1043	5	0	3	0	0	0	14641	3	19	825	40	121	35
1043	5	0	3	0	0	0	14645	3	20	824	39	120	37
1045	5	0	3	0	0	0	14647	2	18	822	41	125	37
1052	5	0	4	0	0	0	14648	3	19	822	42	123	43
1050	6	0	4	0	0	0	14657	3	23	824	40	116	44
1052	6	0	4	0	0	0	14668	4	27	823	41	113	44
1052	6	0	5	0	0	0	14677	9	23	824	42	111	43
1051	6	0	5	0	0	0	14687	10	27	825	40	109	40
1049	6	0	5	0	0	0	14695	11	25	828	38	109	38
1046	6	0	5	0	0	0	14702	14	26	832	35	103	36
1046	5	0	4	0	0	0	14708	18	22	835	33	105	33
1048	5	0	4	0	0	0	14713	17	20	836	32	110	33
1046	4	0	4	0	0	0	14713	17	21	837	32	105	34
1046	5	0	4	0	0	0	14719	13	21	838	33	105	36
1050	6	0	4	0	0	0	14729	12	23	839	33	103	40
1045	6	0	4	0	0	0	14739	10	20	839	33	103	40
1044	6	0	3	0	0	0	14752	9	24	839	33	98	41
1039	5	0	2	0	0	0	14767	6	29	839	35	88	42
1039	4	0	2	0	0	0	14778	4	32	839	34	88	42
1043	4	0	2	0	0	0	14787	6	32	839	34	94	38
1043	5	0	2	0	0	0	14809	7	30	840	34	96	36
1037	5	0	2	0	0	0	14831	8	32	839	33	90	35
1037	4	0	1	0	0	0	14852	12	30	838	35	90	32
1034	3	0	0	0	0	0	14869	12	25	842	34	88	33
1034	4	0	1	0	0	0	14885	14	23	840	35	92	30
1031	5	0	2	0	0	0	14903	13	23	839	36	91	29
1033	5	0	2	0	0	0	14920	14	25	839	36	92	27
1033	5	0	2	0	0	0	14935	13	21	838	38	96	27
1033	5	0	2	0	0	0	14950	12	22	838	38	94	29
1031	5	0	2	0	0	0	14964	8	19	841	38	97	28
1034	5	0	2	0	0	0	14979	6	22	841	39	99	27
1037	5	0	2	0	0	0	14990	5	19	840	42	103	28
1040	5	0	2	0	0	0	14999	4	20	840	42	104	30
1041	5	0	2	0	0	0	15006	5	20	843	38	103	32
1039	5	0	3	0	0	0	15010	3	20	844	41	100	31
1041	4	0	2	0	0	0	15012	3	15	842	42	108	31
1040	4	0	2	0	0	0	15014	3	15	841	41	107	33
1039	4	0	1	0	0	0	15017	3	17	839	42	105	33
1038	4	0	2	0	0	0	15019	2	17	839	42	102	36
1040	4	0	1	0	0	0	15022	2	20	839	40	99	40
1038	5	0	2	0	0	0	15025	2	12	837	43	105	39
1042	5	0	2	0	0	0	15028	2	12	837	44	108	39
1041	5	0	2	0	0	0	15031	4	14	835	44	106	38
1042	4	0	3	0	0	0	15032	5	15	833	44	107	38
1042	4	0	4	0	0	0	15032	5	20	828	45	106	38
1043	4	0	4	0	0	0	15032	4	21	830	42	108	38
1039	4	0	4	0	0	0	15032	4	24	830	41	101	39
1038	5	0	4	0	0	0	15042	3	22	831	42	102	38
1042	5	0	4	0	0	0	15052	4	24	831	43	103	37
1042	5	0	4	0	0	0	15061	4	22	833	43	100	40
1042	5	0	4	0	0	0	15070	3	22	836	41	100	40
1041	5	0	4	0	0	0	15078	4	21	836	42	99	39
1041	5	0	4	0	0	0	15084	3	17	837	43	101	40
1040	6	0	4	0	0	0	15095	2	17	839	42	98	42
1039	7	0	5	0	0	0	15106	2	19	841	40	94	43
1037	7	0	5	0	0	0	15115	3	15	839	42	96	42
1040	5	0	4	0	0	0	15119	3	14	838	46	94	45
1043	5	0	4	0	0	0	15124	2	12	836	47	101	45
1042	6	0	4	0	0	0	15134	1	13	835	48	98	47
1039	6	0	4	0	0	0	15144	1	12	834	47	96	49
1039	6	0	4	0	0	0	15154	1	12	833	47	97	49
1037	6	0	4	0	0	0	15164	1	12	833	45	97	49
1041	6	0	4	0	0	0	15173	1	13	836	41	101	49
1038	6	0	4	0	0	0	15180	1	11	836	39	102	49
1040	5	0	3	0	0	0	15187	1	11	837	39	103	49
1040	6	0	2	0	0	0	15197	0	13	839	37	101	50
1041	6	0	2	0	0	0	15207	0	13	840	37	99	52
1039	6	0	2	0	0	0	15219	0	16	839	36	96	52
1039	6	0	2	0	0	0	15234	0	19	838	36	94	52
1041	5	0	2	0	0	0	15249	1	20	837	34	97	52
1040	5	0	2	0	0	0	15263	1	21	835	31	100	52
1034	5	0	2	0	0	0	15276	0	20	832	31	96	55
1034	5	0	2	0	0	0	15289	0	19	833	29	98	55
1034	5	0	2	0	0	0	15301	0	18	831	30	100	55
1034	5	0	1	0	0	0	15314	1	19	833	29	98	54
1032	5	0	2	0	0	0	15328	1	19	832	29	93	58
1035	5	0	2	0	0	0	15339	1	17	828	30	102	57
1034	5	0	2	0	0	0	15350	1	14	825	31	103	60
1031	5	0	2	0	0	0	15358	1	11	823	34	101	61
1037	6	0	3	0	0	0	15366	0	11	827	32	106	61
1035	6	0	3	0	0	0	15375	0	12	828	30	100	65
1038	5	0	2	0	0	0	15383	0	12	826	30	103	67
1042	3	0	1	0	0	0	15386	1	9	825	30	107	70
1042	3	0	1	0	0	0	15389	1	11	825	29	105	71
1042	2	0	0	0	0	0	15392	2	11	822	28	106	73
1048	2	0	0	0	0	0	15395	2	15	819	29	108	75
1042	2	0	0	0	0	0	15398	1	13	817	28	104	79
1045	2	0	0	0	0	0	15401	1	14	817	28	104	81
1053	2	0	0	0	0	0	15405	1	17	816	28	110	81
1050	2	0	0	0	0	0	15408	2	17	817	28	105	81
1053	2	0	0	0	0	0	15411	2	15	815	28	108	85
1048	3	0	1	0	0	0	15415	3	9	815	25	113	83
1047	3	0	1	0	0	0	15419	3	9	818	23	113	81
1050	3	0	2	0	0	0	15422	3	8	817	22	119	81
1051	3	0	2	0	0	0	15425	3	8	818	20	120	82
1049	3	0	2	0	0	0	15429	3	7	816	22	115	86
1048	3	0	2	0	0	0	15433	4	7	818	20	114	85
1047	3	0	2	0	0	0	15437	2	7	819	21	113	85
1052	2	0	1	0	0	0	15443	2	10	816	21	117	86
1051	2	0	1	0	0	0	15449	2	11	815	22	112	89
1049	2	0	1	0	0	0	15454	3	9	813	23	114	87
1055	2	0	1	0	0	0	15459	4	10	811	23	121	86
1054	2	0	1	0	0	0	15464	4	11	810	24	120	85
1056	2	0	1	0	0	0	15467	4	11	810	23	125	83
1063	2	0	1	0	0	0	15469	3	12	808	23	134	83
1062	1	0	1	0	0	0	15469	4	13	807	23	133	82
1067	1	0	1	0	0	0	15469	3	15	808	21	138	82
1064	2	0	1	0	0	0	15470	3	13	807	21	138	82
1061	2	0	2	0	0	0	15470	3	9	805	23	137	84
1058	3	0	2	0	0	0	15472	2	8	804	22	137	85
1060	4	0	2	0	0	0	15477	2	9	804	22	139	84
1057	3	0	2	0	0	0	15482	2	13	803	21	135	83
1055	3	0	2	0	0	0	15486	2	13	802	21	134	83
1053	3	0	2	0	0	0	15492	3	13	803	21	128	85
1048	3	0	2	0	0	0	15497	3	13	799	22	125	86
1045	3	0	2	0	0	0	15499	3	13	798	20	123	88
1046	3	0	2	0	0	0	15501	2	13	798	19	124	90
1047	3	0	2	0	0	0	15503	2	13	797	19	124	92
1052	3	0	1	0	0	0	15507	2	16	795	19	128	92
1052	3	0	1	0	0	0	15511	2	16	795	20	127	92
1051	3	0	1	0	0	0	15514	5	11	795	20	128	92
1047	3	0	1	0	0	0	15517	5	12	794	19	121	96
